eyesears: Melodies from Eyes and Ears by Benjamin Crowell
gif midi <--- list file extensions here
-------------------BLANK LINE--------------------
intro1 120 4
intro2 88 4
intro3 120 4
001 120 4 R
002 160 4 R
003 152 3 R
004 168 4 R
005 126 3 R
006 144 3 R
007 160 3 R
008 116 3 R
009 136 2 R
010 132 4 R
011 116 4 R
027 80 4
028 120 4
029 132 2
030 108 4
031 116 3
012 152 4 R
013 126 4 R
014 100 2 R
015 108 3 R
016 160 3 R
017 108 2 R
018 096 4 R
019 138 3 R
020 104 4 R
032a 072 2.5 R
032 072 2.5
033 108 4
034 112 4
035 52 2
036 80 3
037 72 4
038 78 4
039 88 3
040 100 5
041 104 4
042 96 4
021 52 2 R
022 60 1.66666 R
023 60 2 R
024 58 4 R
043 48 2
044 100 4
045 112 2
052 76 3
053 66 3
054 88 4
055 100 4
056 100 4
057 66 2.5
058 72 3
059 112 3
060 100 4
061 40 2
062 78 4
063 48 1.66666
064 66 2
065 66 4
066 69 2
067 78 2.5
068 56 4
069 108 4
070 108 3
071 92 3
072 152 2
073 116 3
074 104 3
075 56 2.5
076 72 3
077 76 2
078 72 2
079 84 4
080 138 4
081 116 3
082 140 3
083 72 2
084 80 1.5
085 48 2
086 69 4
087 116 2
088 82 2
089 88 3
090 52 3
091 78 4
092 88 2
093 60 2
094 60 2
095 60 2
096 60 2
097 60 2
098 60 3
099 60 3.5
100 60 4
101 60 3
102 60 4
103 60 3
104 60 2
105 60 1.5
106 60 2
107 60 3
108 60 3
109 60 3
110 60 3
111 60 2
112 60 4
113 60 1.5
114 60 3
115 60 2
116 60 2
117 60 3
118 60 3
119 60 3
120 60 3
121 60 3
122 60 3
123 60 3
124 60 4
125 60 2
126 60 3.5
127 60 4
128 60 2
129 60 3
130 60 3
131 60 2
133 60 2
134 60 3
135 60 3
136 60 1.5
137 60 1.5
138 60 2
139 60 2
140 60 1.666666
141 60 4
142 60 3
143 60 3
144 60 2
145 60 1.666666
146 60 2
147 60 2
148 60 1.666666
149 60 3
150 60 3
151 60 4
152 60 2
153 60 2
154 60 4
155 60 4
156 60 4
157 60 4
158 60 4
159 60 4
160 60 4
161 60 4
162 60 4
163 60 4
164 60 4
165 60 4
166 60 4
167 60 4
168 60 4
169 60 4
170 60 4
171 60 4
172 60 4
173 60 4
174 60 4
175 60 4
176 60 4
177 60 4
178 60 4
179 60 4
180 60 4
181 60 4
182 60 4
183 60 4
184 60 4
185 60 4
186 60 4
187 60 4
188 60 4
189 60 4
190 60 4
191 60 4
192 60 4
193 60 4
194 60 4
195 60 4
196 60 4
197 60 4
198 60 4
199 60 4
200 60 4
201 60 4
202 60 4
203 60 4
204 60 4
205 60 4
206 60 4
207 60 4
208 60 4
209 60 4
210 60 4
211 60 4
212 60 4
213 60 4
214 60 4
215 60 4
216 60 4
217 60 4
218 60 4
219 60 4
220 60 4
221 60 4
222 60 4
223 60 4
224 60 4
225 60 4
226 60 4
227 60 4
228 60 4
229 60 4
230 60 4
231 60 4
232 60 4
233 60 4
234 60 4
235 60 4
236 60 4
237 60 4
238 60 4
239 60 4
240 60 4
241 60 4
242 60 4
243 60 4
244 60 4
245 60 4
246 60 4
247 60 4
248 60 4
249 60 4
250 60 4
251 60 4
252 60 4
253 60 4
254 60 4
255 60 4
256 60 4
257 60 4
258 60 4
259 60 4
260 60 4
261 60 4
262 60 4
263 60 4
264 60 4
265 60 4
266 60 4
267 60 4
268 60 4
269 60 4
270 60 4
271 60 4
272 60 4
273 60 4
274 60 4
275 60 4
276 60 4
277 60 4
278 60 4
279 60 4
280 60 4
281 60 4
282 60 4
283 60 4
284 60 4
285 60 4
286 60 4
287 60 4
288 60 4
289 60 4
290 60 4
291 60 4
292 60 4
293 60 4
294 60 4
295 60 4
296 60 4
297 60 4
298 60 4
299 60 4
300 60 4
301 60 4
302 60 4
303 60 4
304 60 4
305 60 4
306 60 4
307 60 4
308 60 4
309 60 4
310 60 4
311 60 4
312 60 4
313 60 4
314 60 4
315 60 4
316 60 4
317 60 4
318 60 4
319 60 4
320 60 4
321 60 4
322 60 4
323 60 4
324 60 4
325 60 4
326 60 4
327 60 4
328 60 4
329 60 4
330 60 4
331 60 4
332 60 4
333 60 4
334 60 4
335 60 4
336 60 4
337 60 4
338 60 4
339 60 4
340 60 4
341 60 4
342 60 4
343 60 4
344 60 4
345 60 4
346 60 4
347 60 4
348 60 4
349 60 4
350 60 4
351 60 4
352 60 4
353 60 4
354 60 4
355 60 4
356 60 4
357 60 4
358 60 4
359 60 4
360 60 4
361 60 4
362 60 4
363 60 4
364 60 4
365 60 4
366 60 4
367 60 4
368 60 4
369 60 4
370 60 4
371 60 4
372 60 4
373 60 4
374 60 4
375 60 4
376 60 4
377 60 4
378 60 4
379 60 4
380 60 4
381 60 4
382 60 4
383 60 4
384 60 4
385 60 4
386 60 4
387 60 4
388 60 4
389 60 4
390 60 4
391 60 4
392 60 4
393 60 4
394 60 4
395 60 4
396 60 4
397 60 4
398 60 4
399 60 4
400 60 4
401 60 4
402 60 4
403 60 4
404 60 4
405 60 4
406 60 4
407 60 4
408 60 4
409 60 4
410 60 4
411 60 4
412 60 4
413 60 4
414 60 4
415 60 4
416 60 4
417 60 4
418 60 4
419 60 4
420 60 4
421 60 4
422 60 4
423 60 4
424 60 4
425 60 4
426 60 4
427 60 4
